x_tmp =

   1.6549e+05


q_tmp =

    0.0204


m_tmp =

     0



y =

     1


z =

    0.9998


f =

    0.9998


g =

    0.0204


